144
13 1 8388 2
3 12 10111 1
11 2 12123 3
2 11 13131 1
2 12 14155 2
10 11 15555 4
13 1 8388 2
3 12 1 1
11 2 1217 3
2 11 56 1
2 12 5555 2
10 11 11233 4
13 1 8388 2
3 12 10111 1
11 2 12123 3
2 11 13131 1
2 12 14155 2
10 11 15555 4
13 1 8388 2
3 12 10111 1
11 2 12123 3
2 11 13131 1
2 12 14155 2
10 11 15555 4
13 1 8388 2
3 12 10111 1
11 2 12123 3
2 11 13131 1
2 12 14155 2
10 11 15555 4
13 1 8388 2
3 12 10111 1
11 2 12123 3
2 11 13131 1
2 12 14155 2
10 11 15555 4
13 1 8388 2
3 12 10111 1
11 2 12123 3
2 11 13131 1
2 12 14155 2
10 11 15555 4
13 1 8388 2
3 12 1 1
11 2 1217 3
2 11 56 1
2 12 5555 2
10 11 11233 4
13 1 8388 2
3 12 10111 1
11 2 12123 3
2 11 13131 1
2 12 14155 2
10 11 15555 4
13 1 8388 2
3 12 10111 1
11 2 12123 3
2 11 13131 1
2 12 14155 2
10 11 15555 4
13 1 8388 2
3 12 10111 1
11 2 12123 3
2 11 13131 1
2 12 14155 2
10 11 15555 4
13 1 8388 2
3 12 10111 1
11 2 12123 3
2 11 13131 1
2 12 14155 2
10 11 15555 4
13 1 8388 2
3 12 10111 1
11 2 12123 3
2 11 13131 1
2 12 14155 2
10 11 15555 4
13 1 8388 2
3 12 1 1
11 2 1217 3
2 11 56 1
2 12 5555 2
10 11 11233 4
13 1 8388 2
3 12 10111 1
11 2 12123 3
2 11 13131 1
2 12 14155 2
10 11 15555 4
13 1 8388 2
3 12 10111 1
11 2 12123 3
2 11 13131 1
2 12 14155 2
10 11 15555 4
13 1 8388 2
3 12 10111 1
11 2 12123 3
2 11 13131 1
2 12 14155 2
10 11 15555 4
13 1 8388 2
3 12 10111 1
11 2 12123 3
2 11 13131 1
2 12 14155 2
10 11 15555 4
13 1 8388 2
3 12 10111 1
11 2 12123 3
2 11 13131 1
2 12 14155 2
10 11 15555 4
13 1 8388 2
3 12 1 1
11 2 1217 3
2 11 56 1
2 12 5555 2
10 11 11233 4
13 1 8388 2
3 12 10111 1
11 2 12123 3
2 11 13131 1
2 12 14155 2
10 11 15555 4
13 1 8388 2
3 12 10111 1
11 2 12123 3
2 11 13131 1
2 12 14155 2
10 11 15555 4
13 1 8388 2
3 12 10111 1
11 2 12123 3
2 11 13131 1
2 12 14155 2
10 11 15555 4
13 1 8388 2
3 12 10111 1
11 2 12123 3
2 11 13131 1
2 12 14155 2
10 11 15555 4